保批單號碼,應付佣金,期初LRC,當期已收保費,當期已付佣金,當期認列之合約收入,取得成本攤銷,期末LRC(amortization),期末LRC(expensing),累積已收保費,累積已付佣金
A0001,240.0,900.0,0.0,0.0,300.0,60.0,660.0,600.0,1200.0,240.0
A0002,240.0,900.0,0.0,0.0,300.0,60.0,660.0,600.0,1200.0,240.0
A0003,240.0,-300.0,1200.0,240.0,300.0,60.0,420.0,600.0,1200.0,240.0
A0004,240.0,-200.0,1200.0,240.0,300.0,60.0,520.0,700.0,1200.0,240.0
A0005,240.0,1000.0,0.0,0.0,300.0,60.0,760.0,700.0,1200.0,240.0
A0006,240.0,-200.0,1200.0,240.0,300.0,60.0,520.0,700.0,1200.0,240.0
A0007,240.0,1100.0,0.0,0.0,300.0,60.0,860.0,800.0,1200.0,240.0
A0008,240.0,1100.0,0.0,0.0,300.0,60.0,860.0,800.0,1200.0,240.0
A0009,240.0,-100.0,1200.0,240.0,300.0,60.0,620.0,800.0,1200.0,240.0
