保批單號碼,應付佣金,期初LRC,當期已收保費,當期已付佣金,當期認列之合約收入,取得成本攤銷,期末LRC(amortization),期末LRC(expensing),累積已收保費,累積已付佣金
A0001,240.0,240.0,0.0,0.0,300.0,60.0,0.0,-60.0,1200.0,240.0
A0002,240.0,240.0,0.0,0.0,300.0,60.0,0.0,-60.0,1200.0,240.0
A0003,240.0,240.0,0.0,0.0,300.0,60.0,0.0,-60.0,1200.0,240.0
A0004,240.0,320.0,0.0,0.0,300.0,60.0,80.0,20.0,1200.0,240.0
A0005,240.0,320.0,0.0,0.0,300.0,60.0,80.0,20.0,1200.0,240.0
A0006,240.0,320.0,0.0,0.0,300.0,60.0,80.0,20.0,1200.0,240.0
A0007,240.0,400.0,0.0,0.0,300.0,60.0,160.0,100.0,1200.0,240.0
A0008,240.0,400.0,0.0,0.0,300.0,60.0,160.0,100.0,1200.0,240.0
A0009,240.0,400.0,0.0,0.0,300.0,60.0,160.0,100.0,1200.0,240.0
